Benchmark,Device,Device Name,T,Num Elements (pow2),Num Elements,Skipped,Num Elements,Memory Reads (bytes),Memory Writes (bytes),Samples,CPU Time (sec),Noise,GPU Time (sec),Noise,Elem/s (elem/sec),GlobalMem BW (bytes/sec),BWUtil
Hierarchical Scan Kogge-Stone (Different Input Sizes),0,NVIDIA GeForce RTX 3060 Laptop GPU,U32,2^1,2,No,2,8,8,42487,1.671822689293182e-05,0.4415839243645224,1.1768397595255804e-05,0.12408898371953149,169946.6714828075,1359573.37186246,4.7199542154865156e-06
Hierarchical Scan Kogge-Stone (Different Input Sizes),0,NVIDIA GeForce RTX 3060 Laptop GPU,U32,2^2,4,No,4,16,16,43318,1.6212712983055506e-05,0.4174099706694404,1.1542733567729695e-05,0.10132224315299819,346538.3634239725,2772306.90739178,9.624461573736948e-06
Hierarchical Scan Kogge-Stone (Different Input Sizes),0,NVIDIA GeForce RTX 3060 Laptop GPU,U32,2^3,8,No,8,32,32,43072,1.6479914120542166e-05,0.43724408594720326,1.1608573648860662e-05,0.11099037735368615,689145.8194594966,5513166.555675973,1.9139749471185265e-05
Hierarchical Scan Kogge-Stone (Different Input Sizes),0,NVIDIA GeForce RTX 3060 Laptop GPU,U32,2^4,16,No,16,64,64,42660,1.6637105438349705e-05,0.45220984232949035,1.1720606931139486e-05,0.14250406010358324,1365117.0194515232,10920936.155612186,3.79135982739411e-05
Hierarchical Scan Kogge-Stone (Different Input Sizes),0,NVIDIA GeForce RTX 3060 Laptop GPU,U32,2^5,32,No,32,128,128,42489,1.669224768763675e-05,0.4503374975747486,1.1767943791887539e-05,0.13902567993819806,2719251.6012916225,21754012.81033298,7.552217967259963e-05
Hierarchical Scan Kogge-Stone (Different Input Sizes),0,NVIDIA GeForce RTX 3060 Laptop GPU,U32,2^6,64,No,64,256,256,43302,1.6442654103736503e-05,0.44186629312137204,1.1546865557096809e-05,0.11011552257850002,5542629.701847097,44341037.614776775,0.0001539362801157334
Hierarchical Scan Kogge-Stone (Different Input Sizes),0,NVIDIA GeForce RTX 3060 Laptop GPU,U32,2^7,128,No,128,512,512,44489,1.6173207669311376e-05,0.4706201190365726,1.1238961189937916e-05,0.14972415736777217,11388952.932286713,91111623.4582937,0.0003163070858269931
Hierarchical Scan Kogge-Stone (Different Input Sizes),0,NVIDIA GeForce RTX 3060 Laptop GPU,U32,2^8,256,No,256,1024,1024,44586,1.6109716278652647e-05,0.45729138124392854,1.1214303330090762e-05,0.12169677288223886,22827989.61867639,182623916.94941112,0.0006340051552151416
Hierarchical Scan Kogge-Stone (Different Input Sizes),0,NVIDIA GeForce RTX 3060 Laptop GPU,U32,2^9,512,No,512,2048,2048,43777,1.6241494871736457e-05,0.44518549973865046,1.142164703028704e-05,0.13379718491227757,44827160.097166196,358617280.77732956,0.0012449913930224462
Hierarchical Scan Kogge-Stone (Different Input Sizes),0,NVIDIA GeForce RTX 3060 Laptop GPU,U32,2^10,1024,No,1024,4096,4096,31065,2.105943254466494e-05,0.3226684463298631,1.6095573426436333e-05,0.0872349388282132,63619976.304672755,508959810.43738204,0.0017669270761726588
Hierarchical Scan Kogge-Stone (Different Input Sizes),0,NVIDIA GeForce RTX 3060 Laptop GPU,U32,2^11,2048,No,2048,8192,8192,30873,2.1132934311535206e-05,0.3177414284728293,1.6195524003823893e-05,0.08639867137981382,126454692.01962535,1011637536.1570028,0.0035120449930463077
Hierarchical Scan Kogge-Stone (Different Input Sizes),0,NVIDIA GeForce RTX 3060 Laptop GPU,U32,2^12,4096,No,4096,16384,16384,31449,2.084112575916627e-05,0.32191207650011355,1.5898783011623556e-05,0.08259986074794469,257629781.91509536,2061038255.3207629,0.007155190299258328
Hierarchical Scan Kogge-Stone (Different Input Sizes),0,NVIDIA GeForce RTX 3060 Laptop GPU,U32,2^13,8192,No,8192,32768,32768,31147,2.098142813112063e-05,0.3165096766948896,1.605331402406786e-05,0.0775520425870477,510299617.12068796,4082396936.9655037,0.014172627259920235
Hierarchical Scan Kogge-Stone (Different Input Sizes),0,NVIDIA GeForce RTX 3060 Laptop GPU,U32,2^14,16384,No,16384,65536,65536,29456,2.1877748777838094e-05,0.2965070047477116,1.697483874348679e-05,0.06619956163671509,965193263.251853,7721546106.014824,0.026806456236512052
Hierarchical Scan Kogge-Stone (Different Input Sizes),0,NVIDIA GeForce RTX 3060 Laptop GPU,U32,2^15,32768,No,32768,131072,131072,27203,2.330839120685219e-05,0.27549334641118745,1.8380334185898782e-05,0.06250897305298872,1782774984.8606832,14262199878.885466,0.04951327514471708
Hierarchical Scan Kogge-Stone (Different Input Sizes),0,NVIDIA GeForce RTX 3060 Laptop GPU,U32,2^16,65536,No,65536,262144,262144,23852,2.586800272513882e-05,0.23966821342819955,2.0963149820114762e-05,0.05315921752010991,3126247752.001289,25009982016.01031,0.08682574437597314
Hierarchical Scan Kogge-Stone (Different Input Sizes),0,NVIDIA GeForce RTX 3060 Laptop GPU,U32,2^17,131072,No,131072,524288,524288,19151,3.0823775938593996e-05,0.18469735874703214,2.610912407091854e-05,0.040033406944228404,5020160754.683976,40161286037.47181,0.13942567224029262
Hierarchical Scan Kogge-Stone (Different Input Sizes),0,NVIDIA GeForce RTX 3060 Laptop GPU,U32,2^18,262144,No,262144,1048576,1048576,4186,0.00012543437792642174,0.10024520623965454,0.00011946439581962607,0.08626808034607028,2194327424.5139904,17554619396.111923,0.06094338233944316
Hierarchical Scan Kogge-Stone (Different Input Sizes),0,NVIDIA GeForce RTX 3060 Laptop GPU,U32,2^19,524288,No,524288,2097152,2097152,3265,0.00015917868483920387,0.07194344188351084,0.0001531440436976936,0.059132856623697244,3423495862.7248,27387966901.7984,0.09508126042117425
Hierarchical Scan Kogge-Stone (Different Input Sizes),0,NVIDIA GeForce RTX 3060 Laptop GPU,U32,2^20,1048576,No,1048576,4194304,4194304,2325,0.00022104215225806476,0.07349440757880964,0.0002150830521763013,0.06643150302691282,4875214431.774445,39001715454.19556,0.13540005642877423
Hierarchical Scan Kogge-Stone (Different Input Sizes),0,NVIDIA GeForce RTX 3060 Laptop GPU,U32,2^21,2097152,No,2097152,8388608,8388608,1551,0.00032855908768536436,0.06401950439980461,0.000322548466659531,0.06012425030023818,6501819778.339446,52014558226.71557,0.18057600895238143
Hierarchical Scan Kogge-Stone (Different Input Sizes),0,NVIDIA GeForce RTX 3060 Laptop GPU,U32,2^22,4194304,No,4194304,16777216,16777216,935,0.0005410295818181815,0.044124848268193254,0.0005348221943977688,0.04166784336803084,7842426967.195992,62739415737.56794,0.21780889205121348
Hierarchical Scan Kogge-Stone (Different Input Sizes),0,NVIDIA GeForce RTX 3060 Laptop GPU,U32,2^23,8388608,No,8388608,33554432,33554432,3152,0.0009652798689720818,0.20841746372520506,0.0009591457659028762,0.20808238369135795,8745915686.864885,69967325494.91908,0.2429016188097785
Hierarchical Scan Kogge-Stone (Different Input Sizes),0,NVIDIA GeForce RTX 3060 Laptop GPU,U32,2^24,16777216,No,16777216,67108864,67108864,273,0.0018432920000000005,0.038555394043178724,0.0018362578751839995,0.03780306094630372,9136633926.386219,73093071411.08975,0.25375309466161805
Hierarchical Scan Kogge-Stone (Different Input Sizes),0,NVIDIA GeForce RTX 3060 Laptop GPU,U32,2^25,33554432,No,33554432,134217728,134217728,141,0.003554131212765956,0.016739617850417117,0.003547365660363055,0.016508889786004344,9458971871.697567,75671774973.58054,0.26270543441919586
Hierarchical Scan Kogge-Stone (Different Input Sizes),0,NVIDIA GeForce RTX 3060 Laptop GPU,U32,2^26,67108864,No,67108864,268435456,268435456,72,0.00698204711111111,0.01036682109891948,0.006974639111095007,0.01019440965778343,9621840346.29772,76974722770.38176,0.267228804818578
Hierarchical Scan Brent-Kung (Different Input Sizes),0,NVIDIA GeForce RTX 3060 Laptop GPU,U32,2^1,2,No,2,8,8,34556,1.9429703958790725e-05,0.39451804152873093,1.4469321938979076e-05,0.17212937155965713,138223.47781288746,1105787.8225030997,3.838901233485737e-06
Hierarchical Scan Brent-Kung (Different Input Sizes),0,NVIDIA GeForce RTX 3060 Laptop GPU,U32,2^2,4,No,4,16,16,35603,1.9120440721287234e-05,0.4171917774553399,1.4043772081453625e-05,0.17386647152978596,284823.76222001266,2278590.0977601013,7.910452763984132e-06
Hierarchical Scan Brent-Kung (Different Input Sizes),0,NVIDIA GeForce RTX 3060 Laptop GPU,U32,2^3,8,No,8,32,32,35272,1.8834157830573175e-05,0.3715624266677002,1.4175793177361843e-05,0.1551366024744173,564342.3193261361,4514738.554609089,1.5673563276291065e-05
Hierarchical Scan Brent-Kung (Different Input Sizes),0,NVIDIA GeForce RTX 3060 Laptop GPU,U32,2^4,16,No,16,64,64,35634,1.908235937587516e-05,0.3999543280063579,1.4031836592984577e-05,0.15805922336719366,1140264.1339195352,9122113.071356282,3.1668725599053914e-05
Hierarchical Scan Brent-Kung (Different Input Sizes),0,NVIDIA GeForce RTX 3060 Laptop GPU,U32,2^5,32,No,32,128,128,36167,1.8740200044237916e-05,0.37215799698307,1.3824966220970551e-05,0.10254648603134402,2314653.033398407,18517224.267187256,6.428520339383456e-05
Hierarchical Scan Brent-Kung (Different Input Sizes),0,NVIDIA GeForce RTX 3060 Laptop GPU,U32,2^6,64,No,64,256,256,36079,1.8927836165081474e-05,0.3968548503572551,1.3858659962417652e-05,0.12552942259797967,4618051.108372469,36944408.866979755,0.0001282578211512656
Hierarchical Scan Brent-Kung (Different Input Sizes),0,NVIDIA GeForce RTX 3060 Laptop GPU,U32,2^7,128,No,128,512,512,37144,1.840266952939886e-05,0.40395180125429503,1.3461257823513182e-05,0.15177201217381867,9508769.661659595,76070157.29327676,0.00026408847585567946
Hierarchical Scan Brent-Kung (Different Input Sizes),0,NVIDIA GeForce RTX 3060 Laptop GPU,U32,2^8,256,No,256,1024,1024,36977,1.8460651215620362e-05,0.40325745836604293,1.3522055807900036e-05,0.14718129217121081,18932032.49837471,151456259.9869977,0.0005258021579285317
Hierarchical Scan Brent-Kung (Different Input Sizes),0,NVIDIA GeForce RTX 3060 Laptop GPU,U32,2^9,512,No,512,2048,2048,38066,1.8233532338569916e-05,0.4292626687468897,1.3135118277482134e-05,0.1509447273250708,38979473.894630596,311835791.15704477,0.0010825827332841915
Hierarchical Scan Brent-Kung (Different Input Sizes),0,NVIDIA GeForce RTX 3060 Laptop GPU,U32,2^10,1024,No,1024,4096,4096,36190,1.8442695855208128e-05,0.3650332861181109,1.3816217107491832e-05,0.12093933326057241,74115801.16562709,592926409.3250167,0.002058429183070241
Hierarchical Scan Brent-Kung (Different Input Sizes),0,NVIDIA GeForce RTX 3060 Laptop GPU,U32,2^11,2048,No,2048,8192,8192,24210,2.5584876703841066e-05,0.26496264872714786,2.0653362703140776e-05,0.09952078850471294,99160607.86016984,793284862.8813587,0.0027540023290609857
Hierarchical Scan Brent-Kung (Different Input Sizes),0,NVIDIA GeForce RTX 3060 Laptop GPU,U32,2^12,4096,No,4096,16384,16384,24046,2.5783555601763382e-05,0.2566486409465641,2.0794274639202952e-05,0.08362187597556946,196977296.44668195,1575818371.5734556,0.005470679787998721
Hierarchical Scan Brent-Kung (Different Input Sizes),0,NVIDIA GeForce RTX 3060 Laptop GPU,U32,2^13,8192,No,8192,32768,32768,24322,2.551492085354819e-05,0.2527341026615458,2.055765507247584e-05,0.07190684346296991,398489028.5939312,3187912228.7514496,0.011067295133975759
Hierarchical Scan Brent-Kung (Different Input Sizes),0,NVIDIA GeForce RTX 3060 Laptop GPU,U32,2^14,16384,No,16384,65536,65536,24300,2.5497436008230622e-05,0.2507630742389073,2.0576174762329626e-05,0.07193129022383508,796260733.0685896,6370085864.548717,0.022114667918363317
Hierarchical Scan Brent-Kung (Different Input Sizes),0,NVIDIA GeForce RTX 3060 Laptop GPU,U32,2^15,32768,No,32768,131072,131072,21756,2.790999954035641e-05,0.22149716414817952,2.2982651430281972e-05,0.0524597889470496,1425771090.8335338,11406168726.66827,0.03959815283101521
Hierarchical Scan Brent-Kung (Different Input Sizes),0,NVIDIA GeForce RTX 3060 Laptop GPU,U32,2^16,65536,No,65536,262144,262144,18984,3.124106463337614e-05,0.21259587491114265,2.6338255156720016e-05,0.09831251292479692,2488243796.3351173,19905950370.68094,0.06910636550394704
Hierarchical Scan Brent-Kung (Different Input Sizes),0,NVIDIA GeForce RTX 3060 Laptop GPU,U32,2^17,131072,No,131072,524288,524288,15537,3.698979461929605e-05,0.19261535278129502,3.21813001237317e-05,0.11549701584653983,4072924322.38754,32583394579.10032,0.11311793374402988
Hierarchical Scan Brent-Kung (Different Input Sizes),0,NVIDIA GeForce RTX 3060 Laptop GPU,U32,2^18,262144,No,262144,1048576,1048576,3932,0.00013340647812817876,0.1341056794048885,0.00012718588856758457,0.1209692750297059,2061109160.3979385,16488873283.183508,0.05724349165133418
Hierarchical Scan Brent-Kung (Different Input Sizes),0,NVIDIA GeForce RTX 3060 Laptop GPU,U32,2^19,524288,No,524288,2097152,2097152,3307,0.00015736705442999686,0.10959619277104284,0.0001512378356384308,0.10012785910849728,3466645748.9740353,27733165991.792282,0.09627966863783911
Hierarchical Scan Brent-Kung (Different Input Sizes),0,NVIDIA GeForce RTX 3060 Laptop GPU,U32,2^20,1048576,No,1048576,4194304,4194304,2271,0.00022632198678996027,0.07761447279361362,0.0002201732744576373,0.07140710938142597,4762503544.460627,38100028355.68501,0.13226972017054453
Hierarchical Scan Brent-Kung (Different Input Sizes),0,NVIDIA GeForce RTX 3060 Laptop GPU,U32,2^21,2097152,No,2097152,8388608,8388608,1429,0.00035597262701189637,0.05053803437724563,0.00035008817383507467,0.04717497268360445,5990353735.821882,47922829886.57506,0.16637098638621015
Hierarchical Scan Brent-Kung (Different Input Sizes),0,NVIDIA GeForce RTX 3060 Laptop GPU,U32,2^22,4194304,No,4194304,16777216,16777216,857,0.0005895463558926495,0.03434262259414969,0.0005834408766886734,0.032167626361003815,7188910080.837717,57511280646.70174,0.19965867024489578
Hierarchical Scan Brent-Kung (Different Input Sizes),0,NVIDIA GeForce RTX 3060 Laptop GPU,U32,2^23,8388608,No,8388608,33554432,33554432,472,0.00106658103601695,0.03220836257750945,0.0010602999342195051,0.03125704607733424,7911542507.238688,63292340057.90951,0.21972844823747956
Hierarchical Scan Brent-Kung (Different Input Sizes),0,NVIDIA GeForce RTX 3060 Laptop GPU,U32,2^24,16777216,No,16777216,67108864,67108864,251,0.002004142669322708,0.03009064545233148,0.001997133389887105,0.02901633713211457,8400648692.248037,67205189537.9843,0.23331246715125362
Hierarchical Scan Brent-Kung (Different Input Sizes),0,NVIDIA GeForce RTX 3060 Laptop GPU,U32,2^25,33554432,No,33554432,134217728,134217728,128,0.0039308294062500035,0.027497442051040343,0.003923114994540811,0.026972989834785323,8553007507.221298,68424060057.770386,0.2375439512087235
Hierarchical Scan Brent-Kung (Different Input Sizes),0,NVIDIA GeForce RTX 3060 Laptop GPU,U32,2^26,67108864,No,67108864,268435456,268435456,67,0.007535411268656717,0.006772174083507565,0.007528987251110931,0.006602752169174172,8913398543.754717,71307188350.03773,0.24755314513566398
Hierarchical Scan Three-Phase (Different Input Sizes),0,NVIDIA GeForce RTX 3060 Laptop GPU,U32,2^1,2,No,2,8,8,32492,2.03465353933273e-05,0.37213875858114526,1.5388544015203415e-05,0.1618553058266257,129966.8115465674,1039734.4923725392,3.6095876116915903e-06
Hierarchical Scan Three-Phase (Different Input Sizes),0,NVIDIA GeForce RTX 3060 Laptop GPU,U32,2^2,4,No,4,16,16,32549,2.0409865894496987e-05,0.3576120857363175,1.5361481490057156e-05,0.12595246023644943,260391.5515954,2083132.4127632,7.2318933398711326e-06
Hierarchical Scan Three-Phase (Different Input Sizes),0,NVIDIA GeForce RTX 3060 Laptop GPU,U32,2^3,8,No,8,32,32,32597,2.0408542994753414e-05,0.3645461507470551,1.5338890711861528e-05,0.14094969477842992,521550.1010000429,4172400.8080003434,1.4485088624119395e-05
Hierarchical Scan Three-Phase (Different Input Sizes),0,NVIDIA GeForce RTX 3060 Laptop GPU,U32,2^4,16,No,16,64,64,32649,2.0223519250206305e-05,0.33681367389646233,1.531486521283753e-05,0.09738730384064535,1044736.5861625844,8357892.689300675,2.9015624789273577e-05
Hierarchical Scan Three-Phase (Different Input Sizes),0,NVIDIA GeForce RTX 3060 Laptop GPU,U32,2^5,32,No,32,128,128,32605,2.02552261002905e-05,0.33691713496557274,1.5335300782626326e-05,0.0955096458505385,2086688.77471601,16693510.19772808,5.795391808909654e-05
Hierarchical Scan Three-Phase (Different Input Sizes),0,NVIDIA GeForce RTX 3060 Laptop GPU,U32,2^6,64,No,64,256,256,33124,2.0136858410819337e-05,0.3522744509545959,1.509485605483801e-05,0.09976153182320098,4239854.939159061,33918839.51327249,0.0001177541226228701
Hierarchical Scan Three-Phase (Different Input Sizes),0,NVIDIA GeForce RTX 3060 Laptop GPU,U32,2^7,128,No,128,512,512,33607,1.991781149760538e-05,0.3679572366160466,1.4878241340296693e-05,0.12593535840196643,8603167.341648156,68825338.73318525,0.0002389370477600443
Hierarchical Scan Three-Phase (Different Input Sizes),0,NVIDIA GeForce RTX 3060 Laptop GPU,U32,2^8,256,No,256,1024,1024,33645,1.9754515232575823e-05,0.34399237140572136,1.4861132853621134e-05,0.0892991975721661,17226143.021635246,137809144.17308196,0.00047842423545062614
Hierarchical Scan Three-Phase (Different Input Sizes),0,NVIDIA GeForce RTX 3060 Laptop GPU,U32,2^9,512,No,512,2048,2048,33578,1.970922473047887e-05,0.33454326582072746,1.4891039577554736e-05,0.08321111508301245,34383093.089869805,275064744.71895844,0.0009549267647022664
Hierarchical Scan Three-Phase (Different Input Sizes),0,NVIDIA GeForce RTX 3060 Laptop GPU,U32,2^10,1024,No,1024,4096,4096,32725,2.035079233002281e-05,0.3547012996285714,1.527895414301113e-05,0.11156327587213398,67020294.08658158,536162352.69265264,0.00186136460830366
Hierarchical Scan Three-Phase (Different Input Sizes),0,NVIDIA GeForce RTX 3060 Laptop GPU,U32,2^11,2048,No,2048,8192,8192,30228,2.116955458515385e-05,0.2967311821637113,1.6541030500319406e-05,0.0885037453826298,123813325.89650042,990506607.1720034,0.003438685938357508
Hierarchical Scan Three-Phase (Different Input Sizes),0,NVIDIA GeForce RTX 3060 Laptop GPU,U32,2^12,4096,No,4096,16384,16384,26904,2.345801527653907e-05,0.27859560267115996,1.858494944606984e-05,0.08378471704865847,220393389.3867105,1763147115.093684,0.006121018424337902
Hierarchical Scan Three-Phase (Different Input Sizes),0,NVIDIA GeForce RTX 3060 Laptop GPU,U32,2^13,8192,No,8192,32768,32768,18176,3.239037577024659e-05,0.1844182682630592,2.7509570392307592e-05,0.04545111141097185,297787274.8711009,2382298198.968807,0.008270490331364242
Hierarchical Scan Three-Phase (Different Input Sizes),0,NVIDIA GeForce RTX 3060 Laptop GPU,U32,2^14,16384,No,16384,65536,65536,18005,3.271339938905826e-05,0.18693855330474274,2.7770636174016617e-05,0.05157167961583229,589975681.411633,4719805451.293064,0.01638548245880223
Hierarchical Scan Three-Phase (Different Input Sizes),0,NVIDIA GeForce RTX 3060 Laptop GPU,U32,2^15,32768,No,32768,131072,131072,17971,3.276042824550616e-05,0.20509612174057698,2.78240080400885e-05,0.09709752430297286,1177687986.3170056,9421503890.536045,0.032708103824834904
Hierarchical Scan Three-Phase (Different Input Sizes),0,NVIDIA GeForce RTX 3060 Laptop GPU,U32,2^16,65536,No,65536,262144,262144,17771,3.306783821957182e-05,0.20003156485100687,2.8136070778089657e-05,0.08242354783012315,2329252030.849834,18634016246.79867,0.06469066352413025
Hierarchical Scan Three-Phase (Different Input Sizes),0,NVIDIA GeForce RTX 3060 Laptop GPU,U32,2^17,131072,No,131072,524288,524288,15254,3.7605160285826844e-05,0.17075925884131848,3.2778927457904215e-05,0.08257988872506675,3998666526.48495,31989332211.8796,0.11105556091998417
Hierarchical Scan Three-Phase (Different Input Sizes),0,NVIDIA GeForce RTX 3060 Laptop GPU,U32,2^18,262144,No,262144,1048576,1048576,4088,0.0001283949395792569,0.10839858510633842,0.000122313199763472,0.09511024071628366,2143219215.1536496,17145753721.229197,0.05952394642986306
Hierarchical Scan Three-Phase (Different Input Sizes),0,NVIDIA GeForce RTX 3060 Laptop GPU,U32,2^19,524288,No,524288,2097152,2097152,3616,0.00014444484209070812,0.08635356313071355,0.0001382992465123225,0.072127521224759,3790967870.192162,30327742961.537296,0.10528711520835866
Hierarchical Scan Three-Phase (Different Input Sizes),0,NVIDIA GeForce RTX 3060 Laptop GPU,U32,2^20,1048576,No,1048576,4194304,4194304,2669,0.00019352039415511418,0.05943715125380201,0.00018734343006576273,0.04905284902694062,5597079116.315533,44776632930.52426,0.15544851181235161
Hierarchical Scan Three-Phase (Different Input Sizes),0,NVIDIA GeForce RTX 3060 Laptop GPU,U32,2^21,2097152,No,2097152,8388608,8388608,1886,0.0002713185392364792,0.041623817948055794,0.00026519932044020115,0.034481463417020214,7907833234.711773,63262665877.69418,0.21962543005920604
Hierarchical Scan Three-Phase (Different Input Sizes),0,NVIDIA GeForce RTX 3060 Laptop GPU,U32,2^22,4194304,No,4194304,16777216,16777216,1197,0.00042413754385964877,0.02359565375806698,0.00041802118797051375,0.018234993423930444,10033711497.647474,80269691981.1798,0.27866776364071194
Hierarchical Scan Three-Phase (Different Input Sizes),0,NVIDIA GeForce RTX 3060 Laptop GPU,U32,2^23,8388608,No,8388608,33554432,33554432,690,0.0007314316028985507,0.01915266217700243,0.0007253386252168279,0.017182608325904597,11565092094.044165,92520736752.35332,0.3211990249970606
Hierarchical Scan Three-Phase (Different Input Sizes),0,NVIDIA GeForce RTX 3060 Laptop GPU,U32,2^24,16777216,No,16777216,67108864,67108864,373,0.0013479728310991962,0.008845970122816803,0.0013418890333687027,0.007530195888862592,12502685082.597456,100021480660.77965,0.34723893469414696
Hierarchical Scan Three-Phase (Different Input Sizes),0,NVIDIA GeForce RTX 3060 Laptop GPU,U32,2^25,33554432,No,33554432,134217728,134217728,193,0.002603827186528498,0.12680758875268255,0.0025976048294126695,0.1267862405470974,12917450576.031925,103339604608.2554,0.358758278510024
Hierarchical Scan Three-Phase (Different Input Sizes),0,NVIDIA GeForce RTX 3060 Laptop GPU,U32,2^26,67108864,No,67108864,268435456,268435456,99,0.005070810929292929,0.007236785800276645,0.0050644561160694485,0.007133994026353671,13250951822.262712,106007614578.1017,0.36802065828647207
